-0.00007757615043372971	0.
0.0002754843697160001	0.
-0.00007741668706403318	3.8576436229433365e-6
0.00027502321889012103	3.8576436229433365e-6
-0.00007692192889527432	7.715287245886673e-6
0.00027365080275243333	7.715287245886673e-6
-0.00007610455350776562	0.00001157293086883001
0.0002712842656357197	0.00001157293086883001
-0.00007495535465537445	0.000015430574491773346
0.0002678281879062038	0.000015430574491773346
-0.00007347827225151414	0.00001928821811471668
0.0002631207723131645	0.00001928821811471668
-0.00007166625835194109	0.00002314586173766002
0.00025692869760419275	0.00002314586173766002
-0.00006952028299260843	0.000027003505360603352
0.00024893443799456653	0.000027003505360603352
-0.00006704401764508852	0.00003086114898354669
0.0002387144982792921	0.00003086114898354669
-0.00006422978521092124	0.000034718792606490026
0.00022577798685114394	0.000034718792606490026
-0.00006110738707910067	0.00003857643622943336
0.00020961373529797752	0.00003857643622943336
-0.00007757615043372971	0.
0.0002754843697160001	0.
-0.00007741668706403318	-3.8576436229433365e-6
0.00027502321889012103	-3.8576436229433365e-6
-0.00007692192889527432	-7.715287245886673e-6
0.00027365080275243333	-7.715287245886673e-6
-0.00007610455350776562	-0.00001157293086883001
0.0002712842656357197	-0.00001157293086883001
-0.00007495535465537445	-0.000015430574491773346
0.0002678281879062038	-0.000015430574491773346
-0.00007347827225151414	-0.00001928821811471668
0.0002631207723131645	-0.00001928821811471668
-0.00007166625835194109	-0.00002314586173766002
0.00025692869760419275	-0.00002314586173766002
-0.00006952028299260843	-0.000027003505360603352
0.00024893443799456653	-0.000027003505360603352
-0.00006704401764508852	-0.00003086114898354669
0.0002387144982792921	-0.00003086114898354669
-0.00006422978521092124	-0.000034718792606490026
0.00022577798685114394	-0.000034718792606490026
-0.00006110738707910067	-0.00003857643622943336
0.00020961373529797752	-0.00003857643622943336
-0.00006110077767669888	0.00003857643622943336
0.0002096071258955758	0.00003857643622943336
-0.00006010280664546321	0.000039733729316316365
0.00020407532620587878	0.000039733729316316365
-0.00005907731047545921	0.00004089102240319936
0.00019822548327384348	0.00004089102240319936
-0.000058015685178983815	0.00004204831549008236
0.0001920504674961197	0.00004204831549008236
-0.00005693507704852744	0.00004320560857696537
0.000185572923844062	0.00004320560857696537
-0.00005582792382179613	0.00004436290166384836
0.00017880567176837281	0.00004436290166384836
-0.000054699437046130534	0.00004552019475073137
0.00017178843166588362	0.00004552019475073137
-0.00005354377384884511	0.000046677487837614374
0.00016453927161018422	0.000046677487837614374
-0.00005236710507329712	0.000047834780924497366
0.00015710123414665244	0.000047834780924497366
-0.000051165321388807666	0.00004899207401138037
0.0001495274399478061	0.00004899207401138037
-0.000049945289709783816	0.000050149367098263365
0.0001418691688059817	0.000050149367098263365
-0.00004869493667209561	0.00005130666018514637
0.00013415631692181504	0.00005130666018514637
-0.00004744051278879754	0.00005246395327202937
0.00012644674380275542	0.00005246395327202937
-0.00004616267918933325	0.00005362124635891237
0.0001187924780890208	0.00005362124635891237
-0.00004486993979757661	0.000054778539445795376
0.00011122532133789707	0.000054778539445795376
-0.00004356660534180678	0.00005593583253267837
0.00010379402838833228	0.00005593583253267837
-0.00004224985749158142	0.000057093125619561374
0.00009651953616659546	0.000057093125619561374
-0.000040915015179537434	0.00005825041870644437
0.00008945232534699199	0.00005825041870644437
-0.000039584606284515714	0.00005940771179332738
0.00008259658190231074	0.00005940771179332738
-0.00003825421541705173	0.00006056500488021037
0.00007596849107830857	0.00006056500488021037
-0.00003692124535589983	0.00006172229796709338
0.00006959365936325991	0.00006172229796709338
-0.0000356054118161563	0.00006287959105397637
0.00006347217289575742	0.00006287959105397637
-0.00003429437541689221	0.00006403688414085938
0.000057623305712324644	0.00006403688414085938
-0.00003299729485798871	0.00006519417722774238
0.000052053489194680205	0.00006519417722774238
-0.00003173897515252198	0.00006635147031462538
0.0000467668852835939	0.00006635147031462538
-0.000030504654495274452	0.00006750876340150838
0.000041760603363204864	0.00006750876340150838
-0.000029326109762621518	0.00006866605648839138
0.00003705348158668087	0.00006866605648839138
-0.00002821762244614391	0.00006982334957527438
0.00003265194423060898	0.00006982334957527438
-0.00002720114823699111	0.00007098064266215738
0.00002856821451313543	0.00007098064266215738
-0.000026280735902540778	0.00007213793574904039
0.000024804871772868102	0.00007213793574904039
-0.00002549748976923617	0.00007329522883592338
0.00002139750165154932	0.00007329522883592338
-0.0000248792452534348	0.00007445252192280639
0.000018361234140613696	0.00007445252192280639
-0.000024478088462181423	0.00007560981500968939
0.000015730490130604695	0.00007560981500968939
-0.000024309243845043747	0.00007676710809657239
0.00001352765686980851	0.00007676710809657239
-0.00002440800014816424	0.00007792440118345539
0.000011776222207812425	0.00007792440118345539
-0.00002464445264959958	0.00007908169427033837
0.000010468784485965616	0.00007908169427033837
-0.000024887046480369067	0.0000802389873572214
9.625243828216693e-6	0.0000802389873572214
-0.000025132028344160202	0.00008139628044410439
9.187099517658473e-6	0.00008139628044410439
-0.000025379421748173032	0.00008255357353098739
9.126772925713872e-6	0.00008255357353098739
-0.000025629250431006612	0.0000837108666178704
9.212336421892439e-6	0.0000837108666178704
-0.00002588153836493683	0.0000848681597047534
9.29870207584768e-6	0.0000848681597047534
-0.000026136309758216674	0.0000860254527916364
9.385877407808752e-6	0.0000860254527916364
-0.00002639358905739912	0.00008718274587851938
9.473870008506957e-6	0.00008718274587851938
-0.00002665340094968289	0.00008834003896540241
9.56268753983671e-6	0.00008834003896540241
-0.000026915770365281334	0.0000894973320522854
9.65233773552268e-6	0.0000894973320522854
-0.000027180722479814568	0.0000906546251391684
9.742828401793205e-6	0.0000906546251391684
-0.000027448282716725246	0.0000918119182260514
9.834167418060016e-6	0.0000918119182260514
-0.000027718476749718006	0.00009296921131293439
9.926362737604329e-6	0.00009296921131293439
-0.000027991330505223043	0.0000941265043998174
0.000010019422388269369	0.0000941265043998174
-0.000028266870164883833	0.0000952837974867004
0.000010113354473159395	0.0000952837974867004
-0.000028545122168069415	0.0000964410905735834
0.000010208167171345266	0.0000964410905735834
-0.000028826113214411344	0.0000975983836604664
0.000010303868738576628	0.0000975983836604664
-0.00002910987026636571	0.00009875567674734939
0.000010400467508000784	0.00009875567674734939
-0.00002939642055180025	0.00009991296983423241
0.000010497971890888294	0.00009991296983423241
-0.000029685791566607035	0.0001010702629211154
0.000010596390377365372	0.0001010702629211154
-0.00002997801107734082	0.0001022275560079984
0.000010695731537153174	0.0001022275560079984
-0.0000302731071238834	0.00010338484909488141
0.000010796004020313983	0.00010338484909488141
-0.00003057110802213412	0.00010454214218176441
0.000010897216558004426	0.00010454214218176441
-0.00003087204236672701	0.00010569943526864741
0.000010999377963235719	0.00010569943526864741
-0.00003117593903377448	0.0001068567283555304
0.000011102497131641057	0.0001068567283555304
-0.000031482827183638197	0.00010801402144241341
0.000011206583042250192	0.00010801402144241341
-0.00003179273626372713	0.00010917131452929641
0.000011311644758271286	0.00010917131452929641
-0.0000321056960113232	0.00011032860761617941
0.00001141769142788008	0.00011032860761617941
-0.00003242173645643466	0.00011148590070306242
0.000011524732285016457	0.00011148590070306242
-0.00003274088792467769	0.00011264319378994541
0.000011632776650188486	0.00011264319378994541
-0.00003306318104018623	0.00011380048687682842
0.000011741833931284001	0.00011380048687682842
-0.00003338864672855056	0.00011495777996371142
0.000011851913624389791	0.00011495777996371142
-0.000033717316219784735	0.00011611507305059442
0.000011963025314618446	0.00011611507305059442
-0.00003404922105132324	0.00011727236613747742
0.000012075178676942994	0.00011727236613747742
-0.00003438439307104721	0.00011842965922436043
0.000012188383477039334	0.00011842965922436043
-0.00003472286444034033	0.00011958695231124342
0.000012302649572136579	0.00011958695231124342
-0.00003506466763717494	0.00012074424539812642
0.00001241798691187536	0.00012074424539812642
-0.000035409835459228376	0.00012190153848500941
0.000012538286160084152	0.00012190153848500941
-0.00003575840102703016	0.00012305883157189243
0.000012659750807259965	0.00012305883157189243
-0.000036110397787139984	0.00012421612465877543
0.000012782392143205297	0.00012421612465877543
-0.000036465859515357146	0.00012537341774565843
0.000012906221567092598	0.00012537341774565843
-0.00003445529722908941	0.00012653071083254143
0.000013031250588523804	0.00012653071083254143
-0.00002589009666081484	0.00012768800391942442
0.000013157490828600131	0.00012768800391942442
-0.000018133964536452533	0.00012884529700630742
0.000013284954021002194	0.00012884529700630742
-0.000011696768136692763	0.00013000259009319042
0.000013413652013080652	0.00013000259009319042
-6.434369538898451e-6	0.00013115988318007342
0.000013543596766957372	0.00013115988318007342
-1.7715434186840541e-6	0.00013231717626695642
0.00001367480036063727	0.00013231717626695642
2.554639585133677e-6	0.00013347446935383942
0.000013807274989130945	0.00013347446935383942
6.638115479787374e-6	0.00013463176244072242
0.00001394103296558815	0.00013463176244072242
0.000010534906606976381	0.00013578905552760542
0.000014076086722442286	0.00013578905552760542
-0.00006110077767669888	-0.00003857643622943336
0.0002096071258955758	-0.00003857643622943336
-0.00006010280664546321	-0.000039733729316316365
0.00020407532620587878	-0.000039733729316316365
-0.00005907731047545921	-0.00004089102240319936
0.00019822548327384348	-0.00004089102240319936
-0.000058015685178983815	-0.00004204831549008236
0.0001920504674961197	-0.00004204831549008236
-0.00005693507704852744	-0.00004320560857696537
0.000185572923844062	-0.00004320560857696537
-0.00005582792382179613	-0.00004436290166384836
0.00017880567176837281	-0.00004436290166384836
-0.000054699437046130534	-0.00004552019475073137
0.00017178843166588362	-0.00004552019475073137
-0.00005354377384884511	-0.000046677487837614374
0.00016453927161018422	-0.000046677487837614374
-0.00005236710507329712	-0.000047834780924497366
0.00015710123414665244	-0.000047834780924497366
-0.000051165321388807666	-0.00004899207401138037
0.0001495274399478061	-0.00004899207401138037
-0.000049945289709783816	-0.000050149367098263365
0.0001418691688059817	-0.000050149367098263365
-0.00004869493667209561	-0.00005130666018514637
0.00013415631692181504	-0.00005130666018514637
-0.00004744051278879754	-0.00005246395327202937
0.00012644674380275542	-0.00005246395327202937
-0.00004616267918933325	-0.00005362124635891237
0.0001187924780890208	-0.00005362124635891237
-0.00004486993979757661	-0.000054778539445795376
0.00011122532133789707	-0.000054778539445795376
-0.00004356660534180678	-0.00005593583253267837
0.00010379402838833228	-0.00005593583253267837
-0.00004224985749158142	-0.000057093125619561374
0.00009651953616659546	-0.000057093125619561374
-0.000040915015179537434	-0.00005825041870644437
0.00008945232534699199	-0.00005825041870644437
-0.000039584606284515714	-0.00005940771179332738
0.00008259658190231074	-0.00005940771179332738
-0.00003825421541705173	-0.00006056500488021037
0.00007596849107830857	-0.00006056500488021037
-0.00003692124535589983	-0.00006172229796709338
0.00006959365936325991	-0.00006172229796709338
-0.0000356054118161563	-0.00006287959105397637
0.00006347217289575742	-0.00006287959105397637
-0.00003429437541689221	-0.00006403688414085938
0.000057623305712324644	-0.00006403688414085938
-0.00003299729485798871	-0.00006519417722774238
0.000052053489194680205	-0.00006519417722774238
-0.00003173897515252198	-0.00006635147031462538
0.0000467668852835939	-0.00006635147031462538
-0.000030504654495274452	-0.00006750876340150838
0.000041760603363204864	-0.00006750876340150838
-0.000029326109762621518	-0.00006866605648839138
0.00003705348158668087	-0.00006866605648839138
-0.00002821762244614391	-0.00006982334957527438
0.00003265194423060898	-0.00006982334957527438
-0.00002720114823699111	-0.00007098064266215738
0.00002856821451313543	-0.00007098064266215738
-0.000026280735902540778	-0.00007213793574904039
0.000024804871772868102	-0.00007213793574904039
-0.00002549748976923617	-0.00007329522883592338
0.00002139750165154932	-0.00007329522883592338
-0.0000248792452534348	-0.00007445252192280639
0.000018361234140613696	-0.00007445252192280639
-0.000024478088462181423	-0.00007560981500968939
0.000015730490130604695	-0.00007560981500968939
-0.000024309243845043747	-0.00007676710809657239
0.00001352765686980851	-0.00007676710809657239
-0.00002440800014816424	-0.00007792440118345539
0.000011776222207812425	-0.00007792440118345539
-0.00002464445264959958	-0.00007908169427033837
0.000010468784485965616	-0.00007908169427033837
-0.000024887046480369067	-0.0000802389873572214
9.625243828216693e-6	-0.0000802389873572214
-0.000025132028344160202	-0.00008139628044410439
9.187099517658473e-6	-0.00008139628044410439
-0.000025379421748173032	-0.00008255357353098739
9.126772925713872e-6	-0.00008255357353098739
-0.000025629250431006612	-0.0000837108666178704
9.212336421892439e-6	-0.0000837108666178704
-0.00002588153836493683	-0.0000848681597047534
9.29870207584768e-6	-0.0000848681597047534
-0.000026136309758216674	-0.0000860254527916364
9.385877407808752e-6	-0.0000860254527916364
-0.00002639358905739912	-0.00008718274587851938
9.473870008506957e-6	-0.00008718274587851938
-0.00002665340094968289	-0.00008834003896540241
9.56268753983671e-6	-0.00008834003896540241
-0.000026915770365281334	-0.0000894973320522854
9.65233773552268e-6	-0.0000894973320522854
-0.000027180722479814568	-0.0000906546251391684
9.742828401793205e-6	-0.0000906546251391684
-0.000027448282716725246	-0.0000918119182260514
9.834167418060016e-6	-0.0000918119182260514
-0.000027718476749718006	-0.00009296921131293439
9.926362737604329e-6	-0.00009296921131293439
-0.000027991330505223043	-0.0000941265043998174
0.000010019422388269369	-0.0000941265043998174
-0.000028266870164883833	-0.0000952837974867004
0.000010113354473159395	-0.0000952837974867004
-0.000028545122168069415	-0.0000964410905735834
0.000010208167171345266	-0.0000964410905735834
-0.000028826113214411344	-0.0000975983836604664
0.000010303868738576628	-0.0000975983836604664
-0.00002910987026636571	-0.00009875567674734939
0.000010400467508000784	-0.00009875567674734939
-0.00002939642055180025	-0.00009991296983423241
0.000010497971890888294	-0.00009991296983423241
-0.000029685791566607035	-0.0001010702629211154
0.000010596390377365372	-0.0001010702629211154
-0.00002997801107734082	-0.0001022275560079984
0.000010695731537153174	-0.0001022275560079984
-0.0000302731071238834	-0.00010338484909488141
0.000010796004020313983	-0.00010338484909488141
-0.00003057110802213412	-0.00010454214218176441
0.000010897216558004426	-0.00010454214218176441
-0.00003087204236672701	-0.00010569943526864741
0.000010999377963235719	-0.00010569943526864741
-0.00003117593903377448	-0.0001068567283555304
0.000011102497131641057	-0.0001068567283555304
-0.000031482827183638197	-0.00010801402144241341
0.000011206583042250192	-0.00010801402144241341
-0.00003179273626372713	-0.00010917131452929641
0.000011311644758271286	-0.00010917131452929641
-0.0000321056960113232	-0.00011032860761617941
0.00001141769142788008	-0.00011032860761617941
-0.00003242173645643466	-0.00011148590070306242
0.000011524732285016457	-0.00011148590070306242
-0.00003274088792467769	-0.00011264319378994541
0.000011632776650188486	-0.00011264319378994541
-0.00003306318104018623	-0.00011380048687682842
0.000011741833931284001	-0.00011380048687682842
-0.00003338864672855056	-0.00011495777996371142
0.000011851913624389791	-0.00011495777996371142
-0.000033717316219784735	-0.00011611507305059442
0.000011963025314618446	-0.00011611507305059442
-0.00003404922105132324	-0.00011727236613747742
0.000012075178676942994	-0.00011727236613747742
-0.00003438439307104721	-0.00011842965922436043
0.000012188383477039334	-0.00011842965922436043
-0.00003472286444034033	-0.00011958695231124342
0.000012302649572136579	-0.00011958695231124342
-0.00003506466763717494	-0.00012074424539812642
0.00001241798691187536	-0.00012074424539812642
-0.000035409835459228376	-0.00012190153848500941
0.000012538286160084152	-0.00012190153848500941
-0.00003575840102703016	-0.00012305883157189243
0.000012659750807259965	-0.00012305883157189243
-0.000036110397787139984	-0.00012421612465877543
0.000012782392143205297	-0.00012421612465877543
-0.000036465859515357146	-0.00012537341774565843
0.000012906221567092598	-0.00012537341774565843
-0.00003445529722908941	-0.00012653071083254143
0.000013031250588523804	-0.00012653071083254143
-0.00002589009666081484	-0.00012768800391942442
0.000013157490828600131	-0.00012768800391942442
-0.000018133964536452533	-0.00012884529700630742
0.000013284954021002194	-0.00012884529700630742
-0.000011696768136692763	-0.00013000259009319042
0.000013413652013080652	-0.00013000259009319042
-6.434369538898451e-6	-0.00013115988318007342
0.000013543596766957372	-0.00013115988318007342
-1.7715434186840541e-6	-0.00013231717626695642
0.00001367480036063727	-0.00013231717626695642
2.554639585133677e-6	-0.00013347446935383942
0.000013807274989130945	-0.00013347446935383942
6.638115479787374e-6	-0.00013463176244072242
0.00001394103296558815	-0.00013463176244072242
0.000010534906606976381	-0.00013578905552760542
0.000014076086722442286	-0.00013578905552760542
0.00015934801901519867	0.0003163267770813536
0.00017349975816524375	0.0003163267770813536
0.0001559557362574521	0.00031678969431610677
0.0001733212169674676	0.00031678969431610677
0.00015267621636145897	0.00031725261155086
0.0001729265469513309	0.00031725261155086
0.00014945307789634242	0.00031771552878561316
0.0001723909233580025	0.00031771552878561316
0.00014622993943122592	0.0003181784460203664
0.00017176133071321296	0.0003181784460203664
0.0001429880071558172	0.00031864136325511955
0.00017103776901696233	0.00031864136325511955
0.0001396896934495318	0.00031910428048987277
0.000170257825889835	0.00031910428048987277
0.0001363349983123697	0.000319567197724626
0.0001694121044266849	0.000319567197724626
0.00013290512793403877	0.0003200301149593792
0.0001685100015326581	0.0003200301149593792
0.00012936249469395445	0.0003204930321941324
0.0001675609141129008	0.0003204930321941324
0.00012571649549726288	0.0003209559494288856
0.00016656484216741291	0.0003209559494288856
0.00012192954272337963	0.00032141886666363877
0.00016553118260134053	0.00032141886666363877
0.00011800163637230472	0.000321881783898392
0.00016445053850953762	0.000321881783898392
0.00011391398263374588	0.00032234470113314516
0.00016333230679715027	0.00032234470113314516
0.00010964778769741091	0.0003228076183678984
0.00016217648746417847	0.0003228076183678984
0.0001052030515632998	0.00032327053560265154
0.0001609736836054761	0.00032327053560265154
0.00010061736185199702	0.00032373345283740477
0.00015973329212618924	0.00032373345283740477
0.00009594709999437925	0.00032419637007215793
0.000158455313026318	0.00032419637007215793
0.0000913144257573459	0.00032465928730691115
0.00015713034940071616	0.00032465928730691115
0.00008691667414896536	0.00032512220454166443
0.00015576779815452987	0.00032512220454166443
0.00008295118017730598	0.0003255851217764176
0.00015435826238261306	0.0003255851217764176
0.00007961527885043613	0.0003260480390111708
0.00015289234517981953	0.0003260480390111708
0.00007695595469408636	0.000326510956245924
0.00015138884035644157	0.000326510956245924
0.00007496381080311056	0.0003269738734806772
0.00014982895410218692	0.0003269738734806772
0.00007355427503119371	0.0003274367907154304
0.0001482032895119095	0.0003274367907154304
0.00007265217213716694	0.0003278997079501836
0.0001465212434907554	0.0003278997079501836
0.00007217292997471521	0.00032836262518493676
0.00014477341913357854	0.00032836262518493676
0.00007205077020781576	0.00032882554241969
0.00014295041953523276	0.00032882554241969
0.0000722481052158841	0.00032928845965444315
0.00014104284779057195	0.00032928845965444315
0.00007273674428348195	0.0003297513768891964
0.00013903191008930393	0.0003297513768891964
0.00007347909979002481	0.00033021429412394954
0.0001369270033365748	0.00033021429412394954
0.00007449396554580495	0.00033067721135870276
0.00013468114300665396	0.00033067721135870276
0.00007577194464567622	0.00033114012859345604
0.00013228493219439536	0.00033114012859345604
0.00007733183089993085	0.0003316030458282092
0.00012969138637406838	0.0003316030458282092
0.00007923000573944553	0.0003320659630629624
0.00012686291792508858	0.0003320659630629624
0.0000815228505950969	0.0003325288802977156
0.00012369616089084876	0.0003325288802977156
0.00008437011285436894	0.0003329917975324688
0.00012004076478901106	0.0003329917975324688
0.00008812887491281384	0.000333454714767222
0.0001155396472240233	0.000333454714767222
0.00009411470349088737	0.0003339176320019752
0.00010885844766513747	0.0003339176320019752
0.00015934801901519867	-0.0003163267770813536
0.00017349975816524375	-0.0003163267770813536
0.0001559557362574521	-0.00031678969431610677
0.0001733212169674676	-0.00031678969431610677
0.00015267621636145897	-0.00031725261155086
0.0001729265469513309	-0.00031725261155086
0.00014945307789634242	-0.00031771552878561316
0.0001723909233580025	-0.00031771552878561316
0.00014622993943122592	-0.0003181784460203664
0.00017176133071321296	-0.0003181784460203664
0.0001429880071558172	-0.00031864136325511955
0.00017103776901696233	-0.00031864136325511955
0.0001396896934495318	-0.00031910428048987277
0.000170257825889835	-0.00031910428048987277
0.0001363349983123697	-0.000319567197724626
0.0001694121044266849	-0.000319567197724626
0.00013290512793403877	-0.0003200301149593792
0.0001685100015326581	-0.0003200301149593792
0.00012936249469395445	-0.0003204930321941324
0.0001675609141129008	-0.0003204930321941324
0.00012571649549726288	-0.0003209559494288856
0.00016656484216741291	-0.0003209559494288856
0.00012192954272337963	-0.00032141886666363877
0.00016553118260134053	-0.00032141886666363877
0.00011800163637230472	-0.000321881783898392
0.00016445053850953762	-0.000321881783898392
0.00011391398263374588	-0.00032234470113314516
0.00016333230679715027	-0.00032234470113314516
0.00010964778769741091	-0.0003228076183678984
0.00016217648746417847	-0.0003228076183678984
0.0001052030515632998	-0.00032327053560265154
0.0001609736836054761	-0.00032327053560265154
0.00010061736185199702	-0.00032373345283740477
0.00015973329212618924	-0.00032373345283740477
0.00009594709999437925	-0.00032419637007215793
0.000158455313026318	-0.00032419637007215793
0.0000913144257573459	-0.00032465928730691115
0.00015713034940071616	-0.00032465928730691115
0.00008691667414896536	-0.00032512220454166443
0.00015576779815452987	-0.00032512220454166443
0.00008295118017730598	-0.0003255851217764176
0.00015435826238261306	-0.0003255851217764176
0.00007961527885043613	-0.0003260480390111708
0.00015289234517981953	-0.0003260480390111708
0.00007695595469408636	-0.000326510956245924
0.00015138884035644157	-0.000326510956245924
0.00007496381080311056	-0.0003269738734806772
0.00014982895410218692	-0.0003269738734806772
0.00007355427503119371	-0.0003274367907154304
0.0001482032895119095	-0.0003274367907154304
0.00007265217213716694	-0.0003278997079501836
0.0001465212434907554	-0.0003278997079501836
0.00007217292997471521	-0.00032836262518493676
0.00014477341913357854	-0.00032836262518493676
0.00007205077020781576	-0.00032882554241969
0.00014295041953523276	-0.00032882554241969
0.0000722481052158841	-0.00032928845965444315
0.00014104284779057195	-0.00032928845965444315
0.00007273674428348195	-0.0003297513768891964
0.00013903191008930393	-0.0003297513768891964
0.00007347909979002481	-0.00033021429412394954
0.0001369270033365748	-0.00033021429412394954
0.00007449396554580495	-0.00033067721135870276
0.00013468114300665396	-0.00033067721135870276
0.00007577194464567622	-0.00033114012859345604
0.00013228493219439536	-0.00033114012859345604
0.00007733183089993085	-0.0003316030458282092
0.00012969138637406838	-0.0003316030458282092
0.00007923000573944553	-0.0003320659630629624
0.00012686291792508858	-0.0003320659630629624
0.0000815228505950969	-0.0003325288802977156
0.00012369616089084876	-0.0003325288802977156
0.00008437011285436894	-0.0003329917975324688
0.00012004076478901106	-0.0003329917975324688
0.00008812887491281384	-0.000333454714767222
0.0001155396472240233	-0.000333454714767222
0.00009411470349088737	-0.0003339176320019752
0.00010885844766513747	-0.0003339176320019752